tree
version=v2
num_class=1
num_tree_per_iteration=1
label_index=0
max_feature_idx=4
objective=binary sigmoid:1
feature_names=smart_1_raw smart_5_raw smart_9_raw smart_194_raw smart_197_raw
feature_infos=[0:244139898] [0:3148] [9:42240] [18:44] [0:5242]
tree_sizes=2331

Tree=0
num_leaves=30
num_cat=0
split_feature=4 2 4 3 2 3 0 0 0 4 0 3 0 0 2 2 2 2 0 0 2 2 2 3 3 2 0 2 0
split_gain=8984.01 92.2838 183.252 92.5961 57.3777 238.416 310.082 206.588 155.159 25.141 91.5573 14.1039 14.4441 78.7703 108.549 314.792 13.9422 58.4379 91.8089 508.225 68.7165 12.5033 221.296 489.677 12.1519 44.3742 136.545 18.0793 40.7059
threshold=16.500000000000004 28557.500000000004 9.5000000000000018 38.500000000000007 28728.000000000004 29.500000000000004 180145908.50000003 211873872.00000003 25826019.000000004 7.5000000000000009 54703638.000000007 33.500000000000007 31609589.000000004 30642874.000000004 34881.500000000007 36871.500000000007 36871.500000000007 35961.500000000007 14270723.500000002 12408174.000000002 36187.500000000007 30541.500000000004 30355.500000000004 28.500000000000004 28.500000000000004 28914.500000000004 175288898.00000003 40095.500000000007 57620885.500000007
decision_type=2 2 2 2 2 2 2 2 2 2 2 2 2 2 2 2 2 2 2 2 2 2 2 2 2 2 2 2 2
left_child=1 2 -1 4 5 6 8 -8 -3 11 -11 12 13 16 -15 -16 17 21 19 20 -19 22 -6 -24 25 26 -14 -26 -29
right_child=-2 3 -4 -5 9 -7 7 -9 -10 10 -12 -13 24 14 15 -17 -18 18 -20 -21 -22 -23 23 -25 27 -27 -28 28 -30
leaf_value=-8.2163488230485733 4.6359169594866447 -6.3818180166568519 -6.3818180166574479 -7.2255184427587444 -8.2181071793481291 -8.2181071793481291 -4.720413536128393 -7.1379370836478433 -8.2181071793481291 -6.9939144042212718 -8.2181071793481291 -8.2129497880753011 -8.2181071793481291 -8.2181071793481291 -5.5948369469332118 -8.2181071793481291 -8.2181071793481291 -7.2999625980028719 -8.2181071793481291 -4.8793996108201716 -8.2181071793481291 -8.1990782761078123 -4.5455288539674372 -8.2181071793481291 -8.1810654519488519 -8.2058417428435586 -6.3818180166577827 -7.5849040197996533 -8.1276495851269139
leaf_count=146205 20 20 20 37 564 542 21 34 109 30 89 7121 58 75 28 42 1297 40 183 22 119 1930 20 40 16855 11977 20 58 406
internal_value=0 -0.0819421 -0.799345 2.43147 2.34644 19.2343 78.8384 199.322 27.4693 2.04721 29.8617 1.9662 2.48353 5.7384 49.656 103.931 4.2276 6.55129 29.2682 59.8712 22.0977 3.31364 10.7708 121.419 2.0004 0.522987 46.0841 3.02877 14.8298
internal_count=187982 187962 146225 41737 41700 726 184 55 129 40974 119 40855 33734 4360 145 70 4215 2918 364 181 159 2554 624 60 29374 12055 78 17319 464
shrinkage=1



feature importances:
smart_9_raw=11
smart_1_raw=10
smart_194_raw=5
smart_197_raw=3

pandas_categorical:[]
