tree
version=v2
num_class=1
num_tree_per_iteration=1
label_index=0
max_feature_idx=24
objective=binary sigmoid:1
feature_names=smart_1_raw smart_3_raw smart_4_raw smart_5_raw smart_7_raw smart_9_raw smart_10_raw smart_12_raw smart_183_raw smart_184_raw smart_187_raw smart_188_raw smart_189_raw smart_190_raw smart_191_raw smart_192_raw smart_193_raw smart_194_raw smart_195_raw smart_197_raw smart_198_raw smart_199_raw smart_240_raw smart_241_raw smart_242_raw
feature_infos=[0:244139760] none [1:15] none [192:743405423516] [0:6486] none [1:15] [0:17] none [0:37] [0:6] [0:2371] [17:44] none [0:219] [3:37849] [17:44] [0:244139760] [0:3208] [0:3208] [0:10] [0:6388] [0:10019417480] [4184:32368714569]
tree_sizes=2350

Tree=0
num_leaves=30
num_cat=0
split_feature=12 22 0 16 20 5 21 0 4 12 13 0 0 0 5 4 2 0 2 16 13 4 23 16 0 4 23 0 4
split_gain=140.533 44.8166 158.885 248.598 43.2027 523.386 14.6762 126.333 10.1147 31.3563 164.578 218.537 11.2241 50.4965 77.6869 11.1796 75.0741 97.2199 75.3562 148.524 330.607 102.863 2.32463 66.4586 72.9499 1.96132 59.5663 80.5016 1.04507
threshold=52.500000000000007 252.50000000000003 75711792.000000015 18.500000000000004 12.000000000000002 1541.5000000000002 7.5000000000000009 27488620.000000004 86158123.500000015 1.0000000180025095e-35 33.500000000000007 151520492.00000003 239495260.00000003 240365756.00000003 650.50000000000011 60440859.000000007 3.5000000000000004 12302596.000000002 2.5000000000000004 7882.5000000000009 34.500000000000007 78022828.000000015 9520103496.0000019 19127.500000000004 145569424.00000003 13193687.500000002 744422748.00000012 94678152.000000015 8861540394.0000019
decision_type=2 2 2 2 2 2 2 2 2 2 2 2 2 2 2 2 2 2 2 2 2 2 2 2 2 2 2 2 2
left_child=1 2 3 -1 6 -6 8 -8 9 12 -11 -12 15 14 -14 25 17 -17 -19 20 21 -20 28 -24 -25 26 -3 -28 -10
right_child=-2 4 -4 -5 5 -7 7 -9 22 10 11 -13 13 -15 -16 16 -18 18 19 -21 -22 -23 23 24 -26 -27 27 -29 -30
leaf_value=-5.6850403372476315 -6.5395960110935301 -7.9638554675064235 -7.9638554675064235 -7.9638554675064226 -5.1153365546806366 -7.9638554675064235 -6.5395960110935301 -7.9638554675064235 -7.9621400606154378 -7.9638554675064235 -5.8538414580060625 -7.9638554675064226 -6.5395960110937095 -7.9638554675064235 -7.9638554675064226 -6.6074178899704972 -7.9638554675064235 -7.9638554675064235 -7.9638554675064226 -7.9638554675064235 -5.1153365546810408 -6.5395960110937317 -7.9638554675064235 -7.9638554675064217 -6.5395960110937317 -7.9638554675064235 -6.5395960110937317 -7.9638554675064226 -7.9569411670929862
leaf_count=25 20 1162 181 30 20 226 20 157 33211 237 27 29 20 156 24 21 2025 271 52 105 20 20 903 21 20 5972 20 26 16479
internal_value=0 -0.0737024 23.1396 102.582 -0.163154 22.1583 -0.253174 15.093 -0.297834 1.23663 18.4435 100.732 0.727071 13.2422 63.7387 0.468866 3.5319 22.3004 17.2594 42.3781 91.8861 38.5624 -0.606552 2.01715 68.4757 -0.603622 1.35769 60.924 -0.656397
internal_count=61500 61480 236 55 61244 246 60998 177 60821 10187 293 56 9894 200 44 9694 2514 489 468 197 92 72 50634 944 41 7180 1208 46 49690
shrinkage=1



feature importances:
smart_1_raw=8
smart_7_raw=5
smart_193_raw=3
smart_4_raw=2
smart_9_raw=2
smart_189_raw=2
smart_190_raw=2
smart_241_raw=2
smart_198_raw=1
smart_199_raw=1
smart_240_raw=1

pandas_categorical:[]
