tree
version=v2
num_class=1
num_tree_per_iteration=1
label_index=0
max_feature_idx=16
objective=binary sigmoid:1
feature_names=smart_1_raw smart_3_raw smart_4_raw smart_5_raw smart_7_raw smart_9_raw smart_10_raw smart_11_raw smart_12_raw smart_192_raw smart_193_raw smart_194_raw smart_196_raw smart_197_raw smart_198_raw smart_199_raw smart_200_raw
feature_infos=[0:1273] [0:9766] [1:22] [0:260] none [8:34315] none none [1:21] [0:9] [1:1206] [16:43] [0:34] [0:4] none [0:20] [0:11]
tree_sizes=2339

Tree=0
num_leaves=30
num_cat=0
split_feature=0 10 10 0 11 0 0 0 2 10 0 15 10 3 10 2 2 11 11 10 10 11 11 2 11 11 2 11 10
split_gain=4308.94 7903.79 4762.2 2777.84 587.073 887.367 412.481 212.196 122.317 300.612 42.7108 243.372 12.509 229.15 15.3196 15.087 29.5173 31.8941 45.0562 132.689 47.913 29.1185 70.7775 170.936 17.5448 44.5679 10.068 75.2351 379.943
threshold=3.5000000000000004 871.50000000000011 472.50000000000006 6.5000000000000009 24.500000000000004 12.500000000000002 37.500000000000007 20.500000000000004 21.500000000000004 357.50000000000006 1.5000000000000002 1.0000000180025095e-35 135.50000000000003 1.0000000180025095e-35 122.50000000000001 3.5000000000000004 5.5000000000000009 32.500000000000007 31.500000000000004 129.50000000000003 129.50000000000003 27.500000000000004 28.500000000000004 4.5000000000000009 30.500000000000004 29.500000000000004 5.5000000000000009 30.500000000000004 70.500000000000014
decision_type=2 2 2 2 2 2 2 2 2 2 2 2 2 2 2 2 2 2 2 2 2 2 2 2 2 2 2 2 2
left_child=8 2 3 -2 5 -3 -6 -5 10 -10 12 -12 13 14 26 -16 17 18 20 -20 21 -17 23 -23 25 -24 -1 -28 -29
right_child=1 4 -4 7 6 -7 -8 -9 9 -11 11 -13 -14 -15 15 16 -18 -19 19 -21 -22 22 24 -25 -26 -27 27 28 -30
leaf_value=-9.0992889700963051 5.7487910554691286 -0.61710169726504382 13.175665933646544 -9.1049587009022179 -9.1049587009022215 -9.1049587009022179 -4.6488337739927958 -4.8610301990836318 -9.1049587009022233 -4.8610301990836318 -9.1049587009022233 -6.2300393932182665 -9.0993344270861538 -6.7596297920019683 -9.1049587009022233 -9.1049587009022215 -9.1049587009022233 -9.1049587009022215 -9.1049587009022215 -6.8197664306917645 -9.1049587009022215 -9.1049587009022197 -9.1049587009022215 -5.8041254217096743 -9.1049587009022215 -8.0805621659801634 -9.1049587009022233 -4.6488337739927958 -8.8704258100121542
leaf_count=15719 24 21 24 21 249 23 20 21 51 21 171 31 348613 38 1137 81 818 354 54 39 332 29 67 27 67 87 2167 20 380
internal_value=0 308.607 1088.27 674.17 84.4208 404.102 32.1309 211.196 -0.254021 122.781 -0.277948 43.1199 -0.301639 1.91293 1.50122 7.64696 12.676 22.5151 33.1464 94.8305 24.8325 48.789 63.3483 158.147 39.3268 56.8716 0.462031 5.9436 43.5611
internal_count=370706 403 90 66 313 44 269 42 370303 72 370231 202 370029 21416 21378 3092 1955 1137 783 93 690 358 277 56 221 154 18286 2567 400
shrinkage=1



feature importances:
smart_193_raw=8
smart_194_raw=8
smart_1_raw=6
smart_4_raw=5
smart_5_raw=1
smart_199_raw=1

pandas_categorical:[]
