tree
version=v2
num_class=1
num_tree_per_iteration=1
label_index=0
max_feature_idx=24
objective=binary sigmoid:1
feature_names=smart_1_raw smart_3_raw smart_4_raw smart_5_raw smart_7_raw smart_9_raw smart_10_raw smart_12_raw smart_184_raw smart_187_raw smart_188_raw smart_189_raw smart_190_raw smart_191_raw smart_192_raw smart_193_raw smart_194_raw smart_195_raw smart_197_raw smart_198_raw smart_199_raw smart_200_raw smart_240_raw smart_241_raw smart_242_raw
feature_infos=[0:244139288] none [1:8] [0:6588] [11166:1196409638] [70:7403] none [1:7] none [0:6] [0:6] [0:248] [17:44] [12:1898413] [0:88] [61:670] [17:44] [0:244139288] [0:24] [0:24] [0:64] none [6:7323] [154957280:41249870853] [107570:84209505988]
tree_sizes=922

Tree=0
num_leaves=11
num_cat=0
split_feature=12 14 13 0 0 0 0 0 0 0
split_gain=37.1802 89.3909 862.103 1.11022e-16 3.46945e-18 8.67362e-19 8.67362e-19 8.67362e-19 4.33681e-19 4.33681e-19
threshold=35.500000000000007 1.5000000000000002 35031.500000000007 225113200.00000003 229004588.00000003 195164936.00000003 155467388.00000003 120820720.00000001 84176060.000000015 47962308.000000007
decision_type=2 2 2 2 2 2 2 2 2 2
left_child=3 2 5 -1 -3 6 7 8 9 -2
right_child=1 4 -4 -5 -6 -7 -8 -9 -10 -11
leaf_value=-12.535242520111462 -12.535242520111455 -12.53524252011146 -2.6359981034291913 -12.53524252011146 -12.535242520111453 -12.535242520111453 -12.535242520111451 -12.535242520111451 -12.535242520111451 -12.535242520111451
leaf_count=196127 424 4697 278 16870 311 330 282 276 285 278
internal_value=0 37.4302 126.821 -1 -1 -1 -1 -1 -1 -1
internal_count=220158 7161 2153 212997 5008 1875 1545 1263 987 702
shrinkage=1



feature importances:
smart_1_raw=7
smart_190_raw=1
smart_191_raw=1
smart_192_raw=1

pandas_categorical:[]
