tree
version=v2
num_class=1
num_tree_per_iteration=1
label_index=0
max_feature_idx=27
objective=binary sigmoid:1
feature_names=smart_1_raw smart_3_raw smart_4_raw smart_5_raw smart_7_raw smart_9_raw smart_10_raw smart_12_raw smart_184_raw smart_187_raw smart_188_raw smart_189_raw smart_190_raw smart_191_raw smart_192_raw smart_193_raw smart_194_raw smart_195_raw smart_197_raw smart_198_raw smart_199_raw smart_240_raw smart_241_raw smart_242_raw smart_250_raw smart_251_raw smart_252_raw smart_254_raw
feature_infos=[6264:244078136] none [4:18] [0:1] [0:4669706675] [10:31804] none [4:18] none [0:19] [3:34] none [23:42] [0:5] [0:2] [29:198460] [23:42] [6264:244078136] none none none [107374204496:281432027038246] [1265077:4294254408] [438602:4294349298] [40305:159884257] [139:306708977] [0:142603352] none
tree_sizes=1329 1039

Tree=0
num_leaves=16
num_cat=0
split_feature=14 9 26 25 24 15 0 0 0 0 0 0 15 0 0
split_gain=12.1172 9.28993 7.18717 54.5405 1.46099 18.873 8.88178e-16 8.88178e-16 1.11022e-16 5.55112e-17 5.55112e-17 5.55112e-17 5.55112e-17 2.77556e-17 2.77556e-17
threshold=1.5000000000000002 14.000000000000002 1.0000000180025095e-35 213625.00000000003 88369068.500000015 74398.500000000015 229705636.00000003 225582964.00000003 120518632.00000001 74906840.000000015 93577596.000000015 201763176.00000003 30054.500000000004 53488148.000000007 166121336.00000003
decision_type=2 2 2 2 2 2 2 2 2 2 2 2 2 2 2
left_child=1 2 3 9 6 8 7 -4 10 -1 13 14 -10 -6 -11
right_child=-2 -3 4 -5 5 -7 -8 -9 12 11 -12 -13 -14 -15 -16
leaf_value=-6.0230408112327858 -5.8861352322416014 -5.9177288273934137 -6.0230408112327858 -5.7071048597146694 -6.0230408112327858 -5.817682442746011 -6.0230408112327858 -6.0230408112327858 -6.0230408112327858 -6.0230408112327858 -6.0230408112327858 -6.0230408112327858 -6.0230408112327858 -6.0230408112327858 -6.0230408112327858
leaf_count=52 30 39 1694 26 54 20 67 27 63 63 20 29 50 40 20
internal_value=0 -0.276799 -0.448671 3.32089 -0.80062 0.660374 -1.00245 -1.00245 -1.00245 -1.00245 -1.00245 -1.00245 -1.00245 -1.00245 -1.00245
internal_count=2294 2264 2225 190 2035 247 1788 1721 227 164 114 112 113 94 83
shrinkage=1


Tree=1
num_leaves=12
num_cat=0
split_feature=14 9 26 25 21 0 26 24 15 0 0
split_gain=10.4982 8.33763 6.84895 38.2992 7.41475 12.8911 1.0459e-08 3.98268e-11 4.36414e-10 5.55112e-17 5.55112e-17
threshold=1.5000000000000002 14.000000000000002 1.0000000180025095e-35 213625.00000000003 8761733300826.501 82958864.000000015 136853312.00000003 88369068.500000015 70798.500000000015 155489888.00000003 218222892.00000003
decision_type=2 2 2 2 2 2 2 2 2 2 2
left_child=1 2 3 9 5 -4 7 -6 10 -1 -9
right_child=-2 -3 4 -5 6 -7 -8 8 -10 -11 -12
leaf_value=-0.010024222845932757 0.11064356226982069 0.08576015532725767 0.19506881794817138 0.22304500799336635 -0.010024222845932788 -0.010024420743451459 -0.010028564893155061 -0.010024222845932769 -0.010025205449555232 -0.01002422284593271 -0.010024222845932603
leaf_count=112 30 39 20 26 1740 34 20 179 20 52 22
internal_value=0 -0.275445 -0.446645 3.15416 -0.799032 6.61573 -1.00243 -1.00242 -1.00243 -1.00242 -1.00242
internal_count=2294 2264 2225 190 2035 54 1981 1961 221 164 201
shrinkage=0.01



feature importances:
smart_1_raw=11
smart_193_raw=3
smart_252_raw=3
smart_187_raw=2
smart_192_raw=2
smart_250_raw=2
smart_251_raw=2
smart_240_raw=1

pandas_categorical:[]
