tree
version=v2
num_class=1
num_tree_per_iteration=1
label_index=0
max_feature_idx=16
objective=binary sigmoid:1
feature_names=smart_1_raw smart_2_raw smart_3_raw smart_4_raw smart_5_raw smart_7_raw smart_8_raw smart_9_raw smart_10_raw smart_12_raw smart_192_raw smart_193_raw smart_194_raw smart_196_raw smart_197_raw smart_198_raw smart_199_raw
feature_infos=[0:701302915] [0:132] [0:582] [1:20] none none [0:45] [3:32670] [0:262144] [1:20] [1:954] [1:954] [15:44] none [0:8] none [0:23]
tree_sizes=2429

Tree=0
num_leaves=30
num_cat=0
split_feature=7 10 7 10 10 7 7 7 7 7 7 7 7 7 7 10 10 10 10 10 10 10 10 10 10 10 10 10 3
split_gain=172.82 2645.2 67.4495 181.78 379.02 4.44089e-16 4.44089e-16 4.44089e-16 4.44089e-16 4.44089e-16 4.44089e-16 4.44089e-16 4.44089e-16 1.11022e-16 6.93889e-18 6.93889e-18 6.93889e-18 6.93889e-18 6.93889e-18 3.46945e-18 1.73472e-18 1.73472e-18 1.73472e-18 1.73472e-18 1.73472e-18 1.73472e-18 1.73472e-18 3.46945e-18 8.67362e-19
threshold=300.50000000000006 14.500000000000002 227.50000000000003 5.5000000000000009 4.5000000000000009 4634.5000000000009 30225.500000000004 28713.500000000004 27254.500000000004 25923.500000000004 24342.500000000004 24105.500000000004 23648.500000000004 4332.5000000000009 26829.500000000004 156.50000000000003 129.50000000000003 124.50000000000001 107.50000000000001 412.50000000000006 456.50000000000006 434.50000000000006 382.50000000000006 314.50000000000006 300.50000000000006 493.50000000000006 547.50000000000011 509.50000000000006 3.5000000000000004
decision_type=2 2 2 2 2 2 2 2 2 2 2 2 2 2 2 2 2 2 2 2 2 2 2 2 2 2 2 2 2
left_child=1 2 -1 4 -4 13 7 8 9 10 11 12 -7 -2 -11 16 17 18 -15 22 21 -8 23 24 -9 -13 27 -16 -5
right_child=5 -3 3 28 -6 6 20 19 -10 14 -12 25 -14 15 26 -17 -18 -19 -20 -21 -22 -23 -24 -25 -26 -27 -28 -29 -30
leaf_value=-9.78011386164982 -9.78011386164982 4.2236862933548913 -9.7801138616498164 -9.7801138616498182 -3.2968730491473046 -9.78011386164982 -9.78011386164982 -9.78011386164982 -9.78011386164982 -9.78011386164982 -9.78011386164982 -9.78011386164982 -9.78011386164982 -9.78011386164982 -9.78011386164982 -9.7801138616498182 -9.7801138616498182 -9.7801138616498129 -9.7801138616498182 -9.7801138616498129 -9.7801138616498147 -9.7801138616498129 -9.7801138616498147 -9.7801138616498147 -9.7801138616498129 -9.7801138616498111 -9.7801138616498129 -9.7801138616498129 -9.7801138616498164
leaf_count=672 12454 25 38 99 27 38094 153 116 441 627 1281 192 445 699 184 53 62 24 55 25 34 21 26 30 24 20 25 25 36
internal_value=0 57.5443 19.0742 86.5237 268.304 -1.00006 -1.00006 -1.00006 -1.00006 -1.00006 -1.00006 -1.00006 -1.00006 -1.00006 -1.00006 -1.00006 -1.00006 -1.00006 -1.00006 -1.00006 -1.00006 -1.00006 -1.00006 -1.00006 -1.00006 -1.00006 -1.00006 -1.00006 -1.00006
internal_count=56007 897 872 200 65 55110 41763 41555 41334 40893 40032 38751 38539 13347 861 893 840 778 754 221 208 174 196 170 140 212 234 209 135
shrinkage=1



feature importances:
smart_192_raw=16
smart_9_raw=12
smart_4_raw=1

pandas_categorical:[]
