tree
version=v2
num_class=1
num_tree_per_iteration=1
label_index=0
max_feature_idx=4
objective=binary sigmoid:1
feature_names=smart_1_raw smart_5_raw smart_9_raw smart_194_raw smart_197_raw
feature_infos=[0:927016091] [0:1756] [1:43609] [19:45] [0:288]
tree_sizes=1339

Tree=0
num_leaves=16
num_cat=0
split_feature=4 4 0 0 0 0 2 2 2 2 2 0 2 2 2
split_gain=83.7942 297.656 1.11022e-16 2.22045e-16 1.11022e-16 1.11022e-16 1.11022e-16 5.55112e-17 5.55112e-17 5.55112e-17 2.77556e-17 1.38778e-17 1.73472e-18 1.73472e-18 1.73472e-18
threshold=24.500000000000004 72.500000000000014 14254291.000000002 131079.50000000003 131077.50000000003 65544.500000000015 17903.000000000004 42829.000000000007 41149.000000000007 37137.000000000007 17570.000000000004 131073.50000000003 38631.000000000007 38076.000000000007 37464.000000000007
decision_type=2 2 2 2 2 2 2 2 2 2 2 2 2 2 2
left_child=2 -2 3 4 5 6 10 8 9 -8 -1 -7 13 14 -11
right_child=1 -3 -4 -5 -6 11 7 -9 -10 12 -12 -13 -14 -15 -16
leaf_value=-8.9527236381656508 -5.125723315219739 -8.952723638165649 -8.9527236381656472 -8.9527236381656508 -8.9527236381656472 -8.9527236381656508 -8.9527236381656508 -8.9527236381656472 -8.952723638165649 -8.9527236381656472 -8.952723638165649 -8.9527236381656508 -8.9527236381656472 -8.9527236381656472 -8.952723638165649
leaf_count=1779 20 70 23 1230 24 383 2152 23 29 21 41 241 26 21 39
internal_value=0 84.0443 -1.00013 -1.00013 -1.00013 -1.00013 -1.00013 -1.00013 -1.00013 -1.00013 -1.00013 -1.00013 -1.00013 -1.00013 -1.00013
internal_count=6122 90 6032 6009 4779 4755 4131 2311 2288 2259 1820 624 107 81 60
shrinkage=1



feature importances:
smart_9_raw=8
smart_1_raw=5
smart_197_raw=2

pandas_categorical:[]
