tree
version=v2
num_class=1
num_tree_per_iteration=1
label_index=0
max_feature_idx=4
objective=binary sigmoid:1
feature_names=smart_1_raw smart_5_raw smart_9_raw smart_194_raw smart_197_raw
feature_infos=[0:61538569] [0:2005] [7:38896] [17:37] [0:64]
tree_sizes=2204

Tree=0
num_leaves=27
num_cat=0
split_feature=4 0 3 2 2 0 2 0 0 0 0 0 2 0 0 0 0 0 0 0 0 0 2 2 0 2
split_gain=1899.36 1326.41 1.30163 1.63039 535.072 4.44089e-16 8.88178e-16 4.44089e-16 4.44089e-16 4.44089e-16 4.44089e-16 4.44089e-16 2.22045e-16 5.55112e-17 1.11022e-16 5.55112e-17 5.55112e-17 5.55112e-17 1.38778e-17 6.93889e-18 3.46945e-18 3.46945e-18 3.46945e-18 3.46945e-18 1.73472e-18 4.33681e-19
threshold=20.000000000000004 65537.500000000015 27.500000000000004 11617.500000000002 11746.000000000002 8880167.5000000019 25158.500000000004 6488135.0000000009 4685906.5000000009 2818107.0000000005 327682.50000000006 1.5000000000000002 35133.500000000007 131073.50000000003 13.500000000000002 2916436.5000000005 458752.50000000006 7.5000000000000009 131085.00000000003 131073.50000000003 65543.500000000015 163872.50000000003 28300.500000000004 19588.500000000004 196612.50000000003 23357.500000000004
decision_type=2 2 2 2 2 2 2 2 2 2 2 2 2 2 2 2 2 2 2 2 2 2 2 2 2 2
left_child=2 -2 5 13 -5 6 7 8 9 -1 11 12 -8 14 -4 16 17 -6 19 -13 -16 22 23 -19 -20 -25
right_child=1 -3 3 4 15 -7 10 -9 -10 -11 -12 18 -14 -15 20 -17 -18 21 24 -21 -22 -23 -24 25 -26 -27
leaf_value=-9.3892059693031396 -9.3892059693031342 1.3758851495731985 -9.3892059693031396 -4.0066604098659298 -9.3892059693031396 -9.3892059693031342 -9.3892059693031396 -9.3892059693031342 -9.3892059693031342 -9.389205969303136 -9.3892059693031378 -9.3892059693031396 -9.3892059693031396 -9.389205969303136 -9.3892059693031378 -9.389205969303136 -9.389205969303136 -9.3892059693031378 -9.389205969303136 -9.3892059693031342 -9.3892059693031342 -9.3892059693031342 -9.3892059693031342 -9.3892059693031342 -9.389205969303136 -9.3892059693031324
leaf_count=26223 23 33 3741 22 3449 20 9304 20 20 28 90 440 3403 45 98 34 30 98 48 23 25 24 22 22 51 20
internal_value=0 633.371 -0.749734 0.551895 2.18229 -1.00008 -1.00008 -1.00008 -1.00008 -1.00008 -1.00008 -1.00008 -1.00008 -1.00008 -1.00008 -1.00008 -1.00008 -1.00008 -1.00008 -1.00008 -1.00008 -1.00008 -1.00008 -1.00008 -1.00008 -1.00008
internal_count=47356 56 47300 7630 3721 39670 39650 26291 26271 26251 13359 13269 12707 3909 3864 3699 3665 3635 562 463 123 186 162 140 99 42
shrinkage=1



feature importances:
smart_1_raw=17
smart_9_raw=7
smart_194_raw=1
smart_197_raw=1

pandas_categorical:[]
