tree
version=v2
num_class=1
num_tree_per_iteration=1
label_index=0
max_feature_idx=19
objective=binary sigmoid:1
feature_names=smart_1_raw smart_2_raw smart_3_raw smart_4_raw smart_5_raw smart_7_raw smart_8_raw smart_9_raw smart_10_raw smart_12_raw smart_191_raw smart_192_raw smart_193_raw smart_194_raw smart_196_raw smart_197_raw smart_198_raw smart_199_raw smart_223_raw smart_240_raw
feature_infos=none none [1203:2242] [2:32] [0:816] none none [0:11337] none [2:32] [0:72] [0:9] [8:81472] [17:53] [0:99] [0:32] none [0:25] none none
tree_sizes=1987

Tree=0
num_leaves=24
num_cat=0
split_feature=10 12 12 2 2 2 7 7 2 7 7 7 7 7 7 7 7 2 7 7 7 7 7
split_gain=6.34636 18.8851 482.065 2.22045e-16 1.11022e-16 1.38778e-17 1.38778e-17 1.38778e-17 6.93889e-18 6.93889e-18 6.93889e-18 3.46945e-18 3.46945e-18 3.46945e-18 3.46945e-18 3.46945e-18 3.46945e-18 8.67362e-19 8.67362e-19 8.67362e-19 8.67362e-19 4.33681e-19 4.33681e-19
threshold=1.5000000000000002 1952.5000000000002 1934.5000000000002 2171.5000000000005 2169.5000000000005 1512.5000000000002 924.50000000000011 435.50000000000006 1434.5000000000002 874.50000000000011 2574.5000000000005 10448.500000000002 9392.0000000000018 8885.5000000000018 8163.5000000000009 9171.0000000000018 8482.5000000000018 1527.5000000000002 7043.5000000000009 2216.5000000000005 1872.5000000000002 1586.5000000000002 9845.5000000000018
decision_type=2 2 2 2 2 2 2 2 2 2 2 2 2 2 2 2 2 2 2 2 2 2 2
left_child=3 2 6 4 -1 -3 -2 -5 -8 -9 19 12 13 14 -11 16 -12 18 -7 20 21 -10 -14
right_child=1 5 -4 7 -6 17 8 9 10 11 15 -13 22 -15 -16 -17 -18 -19 -20 -21 -22 -23 -24
leaf_value=-10.923651249845044 -10.923651249845038 -10.923651249845044 -5.8381883183175294 -10.923651249845037 -10.92365124984504 -10.923651249845042 -10.923651249845038 -10.923651249845038 -10.92365124984504 -10.923651249845044 -10.923651249845044 -10.92365124984504 -10.923651249845035 -10.923651249845038 -10.923651249845038 -10.923651249845042 -10.923651249845038 -10.923651249845038 -10.923651249845035 -10.923651249845035 -10.923651249845035 -10.923651249845035 -10.923651249845037
leaf_count=34746 96 4754 108 66 127 234 107 87 130 1224 1017 116 64 92 110 337 105 112 56 59 56 59 70
internal_value=0 6.59652 25.4817 -1.00002 -1.00002 -1.00002 -1.00002 -1.00002 -1.00002 -1.00002 -1.00002 -1.00002 -1.00002 -1.00002 -1.00002 -1.00002 -1.00002 -1.00002 -1.00002 -1.00002 -1.00002 -1.00002 -1.00002
internal_count=43932 7230 2074 36702 34873 5156 1966 1829 1870 1763 1763 1676 1560 1426 1334 1459 1122 402 290 304 245 189 134
shrinkage=1



feature importances:
smart_9_raw=15
smart_3_raw=5
smart_193_raw=2
smart_191_raw=1

pandas_categorical:[]
