tree
version=v2
num_class=1
num_tree_per_iteration=1
label_index=0
max_feature_idx=23
objective=binary sigmoid:1
feature_names=smart_1_raw smart_3_raw smart_4_raw smart_5_raw smart_7_raw smart_9_raw smart_10_raw smart_12_raw smart_184_raw smart_187_raw smart_188_raw smart_189_raw smart_190_raw smart_191_raw smart_192_raw smart_193_raw smart_194_raw smart_195_raw smart_197_raw smart_198_raw smart_199_raw smart_240_raw smart_241_raw smart_242_raw
feature_infos=[0:244135352] none [1:865] [0:59112] [2262870:8776946175] [11:13881] none [1:866] [0:5] [0:47] [0:601305711020] none [20:55] [0:352026] [0:860] [1:13451] [20:55] [0:244135352] [0:448] [0:448] [0:1278] [11:281470681743847] [124403200:56115130952] [145206:117291255426]
tree_sizes=2357

Tree=0
num_leaves=30
num_cat=0
split_feature=9 9 22 4 21 15 3 4 21 9 13 18 22 8 4 15 15 0 7 4 20 12 3 4 14 15 14 14 22
split_gain=136661 21971.6 49798.1 10092.5 18465.5 17898.8 2042.9 12221.8 1891.19 1935.56 6744.25 814.481 3180.09 805.884 3188.77 747.707 352.229 599.489 243.349 739.096 124.372 800.734 113.34 900.87 752.611 205.685 512.443 1095.39 3226.5
threshold=21.000000000000004 4.5000000000000009 21522372024.000004 1132346533.5000002 3828.5000000000005 1244.5000000000002 116.00000000000001 254099254.00000003 1835.5000000000002 2.5000000000000004 3093.5000000000005 28.000000000000004 17436888904.000004 1.0000000180025095e-35 908267178.00000012 321.50000000000006 249.50000000000003 156163208.00000003 4.5000000000000009 1276346305.5000002 438.50000000000006 44.500000000000007 7.0000000000000009 122816416.00000001 82.500000000000014 707.50000000000011 8.5000000000000018 11.500000000000002 22707143744.000004
decision_type=2 2 2 2 2 2 2 2 2 2 2 2 2 2 2 2 2 2 2 2 2 2 2 2 2 2 2 2 2
left_child=1 6 -3 4 15 -6 11 -8 -9 16 -11 13 -13 20 -15 -4 17 -10 -18 -20 22 -22 -1 -24 25 26 -25 28 -28
right_child=-2 2 3 -5 5 -7 7 8 9 10 -12 12 -14 14 -16 -17 18 -19 19 -21 21 -23 23 24 -26 -27 27 -29 -30
leaf_value=-10.550801813063181 103.34851164786106 69.377456695290178 -10.55443731075896 -10.554437310758962 59.385969944464151 6.4460028323090235 16.565312441293422 0.61251846949167721 -10.554437310758956 19.420022941479548 -10.55443731075896 9.4285361907533201 -10.55443731075896 9.4285361907533201 -10.55443731075896 -0.5629505600127942 -10.554437310758964 -0.5629505600127942 -0.56295056001278532 -10.55443731075896 -10.554437310758964 -1.2940349564081792 -1.2940349563996119 -10.452236369566842 -2.80593738160713 -10.535884831084948 -10.55443731075896 -9.8099735920751989 5.9532364513508007
leaf_count=3341949 40 38 113 329 38 67 70 68 57 38 114 38 148 38 150 38 2127 38 38 108 262 41 41 3715 49 20465 129 1020 69
internal_value=0 -0.132875 1156.92 712.922 1630.42 3614.97 -0.346727 170.411 101.695 74.3326 748.361 -0.481483 407.254 -0.504001 402.911 250.441 31.0672 398.659 15.7037 259.052 -0.526522 124.306 -0.537754 12.4066 10.9362 9.46432 45.18 154.861 574.267
internal_count=3371435 3371395 623 585 256 105 3370772 2658 2588 2520 152 3368114 186 3367928 188 151 2368 95 2273 146 3367740 303 3367437 25488 25447 25398 4933 1218 198
shrinkage=1



feature importances:
smart_7_raw=5
smart_193_raw=4
smart_187_raw=3
smart_192_raw=3
smart_241_raw=3
smart_5_raw=2
smart_240_raw=2
smart_1_raw=1
smart_12_raw=1
smart_184_raw=1
smart_190_raw=1
smart_191_raw=1
smart_197_raw=1
smart_199_raw=1

pandas_categorical:[]
