tree
version=v2
num_class=1
num_tree_per_iteration=1
label_index=0
max_feature_idx=15
objective=binary sigmoid:1
feature_names=smart_1_raw smart_3_raw smart_4_raw smart_5_raw smart_7_raw smart_9_raw smart_10_raw smart_11_raw smart_12_raw smart_192_raw smart_193_raw smart_196_raw smart_197_raw smart_198_raw smart_199_raw smart_200_raw
feature_infos=[0:71164] [0:4408] [6:232] none [0:112] [84:61850] none none [5:230] [2:161] [6:152] none [0:19] [0:11] [0:2] [0:772]
tree_sizes=2380

Tree=0
num_leaves=30
num_cat=0
split_feature=4 2 12 10 2 0 0 9 9 0 2 10 8 10 9 2 2 10 10 2 2 10 9 9 2 2 10 9 9
split_gain=253.679 75.6568 21.7066 268.878 8.94748 2.9148 274.776 1.85294 4.36647 63.87 160.002 16.4255 5.28336 143.27 8.05687 4.24105 6.88364 3.50399 7.06571 32.4746 2.74945 5.47538 9.52867 2.30281 2.59036 2.17743 49.2771 1.99305 6.00737
threshold=1.5000000000000002 13.500000000000002 2.5000000000000004 52.500000000000007 16.500000000000004 338.50000000000006 383.00000000000006 10.500000000000002 14.500000000000002 5.5000000000000009 40.500000000000007 10.500000000000002 34.500000000000007 23.500000000000004 13.500000000000002 42.500000000000007 45.500000000000007 40.500000000000007 41.500000000000007 60.500000000000007 25.500000000000004 10.500000000000002 12.500000000000002 11.500000000000002 24.500000000000004 48.500000000000007 35.500000000000007 17.500000000000004 16.500000000000004
decision_type=2 2 2 2 2 2 2 2 2 2 2 2 2 2 2 2 2 2 2 2 2 2 2 2 2 2 2 2 2
left_child=1 -1 4 -4 -3 7 -7 -6 9 12 -11 -10 20 -14 25 -16 -17 -13 19 -19 21 -9 23 24 -23 -15 -27 28 -20
right_child=-2 2 3 -5 5 6 -8 8 11 10 -12 17 13 14 15 16 -18 18 27 -21 -22 22 -24 -25 -26 26 -28 -29 -30
leaf_value=-7.9551337008643701 -6.1732722159080744 -8.6258460840085114 -8.7326732579367121 -5.8076434956177971 -8.7326732579367139 -5.940599393905587 -8.7326732579367139 -8.7326732579367139 -8.5586629887902141 -6.4576501094662415 -8.7326732579367121 -8.7326732579367139 -7.2344872821145909 -8.7326732579367139 -8.7326732579367121 -8.5026147373048264 -8.7326732579367121 -8.3119497989729272 -8.7326732579367139 -8.7326732579367139 -8.7326732579367139 -8.6542241838515093 -8.5666580552104588 -8.7326732579367139 -8.7326732579367139 -8.2031420078616097 -8.7326732579367139 -8.725998736040733 -8.6368454498107941
leaf_count=79 24 575 239 21 14271 22 1364 2950 353 27 64 31701 41 2428 136 267 114 146 1077 494 8251 783 370 912 386 116 1555 9203 641
internal_value=0 0.0941272 0.0169861 22.6251 -0.0581363 -0.130246 3.4317 -0.194961 -0.00966661 1.00285 66.5005 -0.436819 0.677308 2.95682 1.66126 10.881 15.122 -0.574207 0.59379 8.59759 -0.100286 1.27444 4.01213 1.95157 4.25438 0.498389 2.67582 0.124746 2.57525
internal_count=78610 78586 78507 260 78247 77672 1386 76286 62015 18400 91 43615 18309 4657 4616 517 381 43262 11561 640 13652 5401 2451 2081 1169 4099 1671 10921 1718
shrinkage=1



feature importances:
smart_4_raw=9
smart_192_raw=7
smart_193_raw=7
smart_1_raw=3
smart_7_raw=1
smart_12_raw=1
smart_197_raw=1

pandas_categorical:[]
