tree
version=v2
num_class=1
num_tree_per_iteration=1
label_index=0
max_feature_idx=16
objective=binary sigmoid:1
feature_names=smart_1_raw smart_3_raw smart_4_raw smart_5_raw smart_7_raw smart_9_raw smart_10_raw smart_11_raw smart_12_raw smart_192_raw smart_193_raw smart_194_raw smart_196_raw smart_197_raw smart_198_raw smart_199_raw smart_200_raw
feature_infos=none [0:650] [1:136] none none [31:34765] none none [1:136] [0:38] [2:438727] [18:42] none none none none none
tree_sizes=1860

Tree=0
num_leaves=23
num_cat=0
split_feature=1 5 10 10 5 10 5 5 5 5 5 5 5 5 5 5 5 5 5 8 5 8
split_gain=24.0234 139.535 3.07668 63.2969 90.1315 1.29272 155.967 4.44089e-16 2.22045e-16 2.22045e-16 2.22045e-16 5.55112e-17 2.77556e-17 2.77556e-17 2.77556e-17 2.77556e-17 2.77556e-17 6.93889e-18 6.93889e-18 6.93889e-18 3.46945e-18 1.73472e-18
threshold=1.0000000180025095e-35 4180.5000000000009 1247.0000000000002 1141.5000000000002 1900.5000000000002 188689.00000000003 14708.500000000002 23356.000000000004 19643.500000000004 19114.500000000004 18567.000000000004 5788.0000000000009 5402.5000000000009 4905.0000000000009 3894.5000000000005 22725.500000000004 22178.000000000004 7943.5000000000009 7224.5000000000009 5.5000000000000009 6194.0000000000009 4.5000000000000009
decision_type=2 2 2 2 2 2 2 2 2 2 2 2 2 2 2 2 2 2 2 2 2 2
left_child=2 -2 3 11 -5 7 -7 8 9 10 -4 12 13 14 -1 16 -10 18 20 21 -13 -11
right_child=1 -3 5 4 -6 6 -8 -9 15 19 -12 17 -14 -15 -16 -17 -18 -19 -20 -21 -22 -23
leaf_value=-8.1148071894613381 -8.1148071894613381 -6.4586403812452646 -8.1148071894613381 -8.1148071894613381 -6.5375054673507798 -6.5375054673507522 -8.1148071894613381 -8.1148071894613381 -8.1148071894613381 -8.1148071894613381 -8.1148071894613381 -8.1148071894613381 -8.1148071894613381 -8.1148071894613381 -8.1148071894613381 -8.1148071894613381 -8.1148071894613381 -8.1148071894613381 -8.1148071894613381 -8.1148071894613381 -8.1148071894613381 -8.1148071894613381
leaf_count=467 107 20 4457 28 21 21 1858 21 428 26 115 21 23 29 54 20 21 34 38 56 55 23
internal_value=0 25.0811 -0.152724 3.30143 66.5983 -0.530201 0.762515 -1.0003 -1.0003 -1.0003 -1.0003 -1.0003 -1.0003 -1.0003 -1.0003 -1.0003 -1.0003 -1.0003 -1.0003 -1.0003 -1.0003 -1.0003
internal_count=7943 127 7816 770 49 7046 1879 5167 5146 4677 4572 721 573 550 521 469 449 148 114 105 76 49
shrinkage=1



feature importances:
smart_9_raw=16
smart_193_raw=3
smart_12_raw=2
smart_3_raw=1

pandas_categorical:[]
