tree
version=v2
num_class=1
num_tree_per_iteration=1
label_index=0
max_feature_idx=17
objective=binary sigmoid:1
feature_names=smart_1_raw smart_3_raw smart_4_raw smart_5_raw smart_7_raw smart_9_raw smart_10_raw smart_11_raw smart_12_raw smart_191_raw smart_192_raw smart_193_raw smart_194_raw smart_196_raw smart_197_raw smart_198_raw smart_199_raw smart_200_raw
feature_infos=[0:884] [1475:2016] [18:1580] none none [7:36760] none none [6:24] [0:36] [1:17] [36:12980632] [20:36] none [0:65535] none none none
tree_sizes=1388 1601

Tree=0
num_leaves=17
num_cat=0
split_feature=5 2 11 5 5 11 11 5 5 5 11 11 11 5 5 5
split_gain=4.26825 62.5738 122.179 2.22045e-16 1.11022e-16 1.11022e-16 1.11022e-16 5.55112e-17 5.55112e-17 5.55112e-17 5.55112e-17 5.55112e-17 5.55112e-17 2.77556e-17 2.77556e-17 2.77556e-17
threshold=14944.000000000002 728.00000000000011 4431588.0000000009 8555.0000000000018 12896.000000000002 5129353.5000000009 10694495.500000002 12368.000000000002 12093.000000000002 11697.000000000002 10041235.000000002 9768912.0000000019 9266360.5000000019 10640.500000000002 10306.500000000002 9921.0000000000018
decision_type=2 2 2 2 2 2 2 2 2 2 2 2 2 2 2 2
left_child=3 2 -2 -1 7 -3 10 8 9 13 11 12 -7 14 15 -5
right_child=1 5 -4 4 -6 6 -8 -9 -10 -11 -12 -13 -14 -15 -16 -17
leaf_value=-6.9212591331899098 -6.9212591331899098 -6.9212591331899098 -5.9636391434395772 -6.9212591331899098 -6.9212591331899098 -6.9212591331899098 -6.9212591331899098 -6.9212591331899098 -6.9212591331899089 -6.9212591331899098 -6.9212591331899098 -6.9212591331899089 -6.9212591331899098 -6.9212591331899098 -6.9212591331899098 -6.9212591331899098
leaf_count=508 37 31 21 109 162 254 162 40 22 31 36 20 33 83 28 30
internal_value=0 2.38453 33.6715 -1.001 -1.001 -1.001 -1.001 -1.001 -1.001 -1.001 -1.001 -1.001 -1.001 -1.001 -1.001 -1.001
internal_count=1607 594 58 1013 505 536 505 343 303 281 343 307 287 250 167 139
shrinkage=1


Tree=1
num_leaves=19
num_cat=0
split_feature=12 11 2 11 10 11 5 5 5 5 2 5 5 5 5 5 5 11
split_gain=4.05515 45.0267 94.6125 2.46885e-08 9.63914e-09 4.06685e-08 1.11022e-16 5.55112e-17 5.55112e-17 1.11022e-16 2.77556e-17 2.77556e-17 2.77556e-17 1.38778e-17 1.38778e-17 6.93889e-18 6.93889e-18 6.93889e-18
threshold=27.500000000000004 4631394.0000000009 774.50000000000011 4001192.5000000005 1.5000000000000002 4140152.5000000005 8462.0000000000018 7440.5000000000009 6949.0000000000009 3915.5000000000005 680.00000000000011 11541.000000000002 6445.0000000000009 1613.5000000000002 4455.5000000000009 32796.500000000007 8090.0000000000009 3909833.0000000005
decision_type=2 2 2 2 2 2 2 2 2 2 2 2 2 2 2 2 2 2
left_child=4 3 -3 6 5 10 7 8 9 -2 13 -8 14 -1 -11 -4 -9 -12
right_child=1 2 15 -5 -6 -7 11 16 -10 12 17 -13 -14 -15 -16 -17 -18 -19
leaf_value=-0.010009865193035483 -0.010009865193035648 0.72084655944198317 -0.010009865193035317 -0.010019101567830389 -0.01000986519303571 -0.010021598910370711 -0.010009865193035632 -0.010009865193035332 -0.010009865193035332 -0.010009865193035346 -0.010009865193035442 -0.010009865193035442 -0.010009865193035214 -0.010009865193035492 -0.01000986519303561 -0.010009865193035332 -0.010009865193035239 -0.010009865193035261
leaf_count=33 153 23 25 20 845 21 112 26 26 27 36 36 20 44 91 26 21 22
internal_value=0 2.26467 24.7781 -1.00104 -1.00103 -1.00125 -1.00099 -1.00099 -1.00099 -1.00099 -1.00099 -1.00099 -1.00099 -1.00099 -1.00099 -1.00099 -1.00099 -1.00099
internal_count=1607 606 74 532 1001 156 512 364 317 291 135 148 138 77 118 51 47 58
shrinkage=0.01



feature importances:
smart_9_raw=19
smart_193_raw=10
smart_4_raw=3
smart_192_raw=1
smart_194_raw=1

pandas_categorical:[]
