tree
version=v2
num_class=1
num_tree_per_iteration=1
label_index=0
max_feature_idx=4
objective=binary sigmoid:1
feature_names=smart_1_raw smart_5_raw smart_9_raw smart_194_raw smart_197_raw
feature_infos=[0:242277384] none [6:12450] [16:30] none
tree_sizes=1064 1968

Tree=0
num_leaves=13
num_cat=0
split_feature=0 3 0 0 0 3 0 0 0 0 0 0
split_gain=5.83 2.68886 3.89484 2.03946 4.87936 1.4658 4.12762 26.9591 2.22045e-16 1.11022e-16 5.55112e-17 5.55112e-17
threshold=190989468.00000003 26.500000000000004 5477248.0000000009 67028.000000000015 31040.000000000004 23.500000000000004 6273224.0000000009 3289792.0000000005 71207124.000000015 138430808.00000003 1653360.0000000002 103499664.00000001
decision_type=2 2 2 2 2 2 2 2 2 2 2 2
left_child=1 3 -3 4 -1 6 7 10 -8 11 -5 -10
right_child=-2 2 -4 5 -6 -7 8 -9 9 -11 -12 -13
leaf_value=-5.1200381000634314 -5.0438232309309807 -5.0401939514484839 -5.1200381000634314 -5.1200381000634314 -5.0401939514484839 -5.1200381000634314 -5.1200381000634314 -4.9523653879720415 -5.1200381000634314 -5.1200381000634314 -5.1200381000634314 -5.1200381000634314
leaf_count=33 22 21 20 61 21 409 92 20 30 27 21 23
internal_value=0 -0.143966 3.08354 -0.323515 2.09901 -0.515047 0.217852 2.28166 -1.00604 -1.00604 -1.00604 -1.00604
internal_count=800 778 41 737 54 683 274 102 172 80 82 53
shrinkage=1


Tree=1
num_leaves=24
num_cat=0
split_feature=0 2 2 2 0 0 0 0 0 0 0 2 2 2 0 0 0 0 0 0 0 0 0
split_gain=5.35547 4.85728 26.9376 4.13877 1.41489 6.22918 6.58989e-08 9.06017e-09 1.23981e-09 4.03487e-10 1.91177e-09 1.92374e-09 2.74024e-10 3.05715e-11 4.53454e-11 2.22045e-16 1.11022e-16 1.11022e-16 1.11022e-16 1.11022e-16 1.11022e-16 1.11022e-16 5.55112e-17
threshold=190989468.00000003 2860.0000000000005 2704.0000000000005 199.50000000000003 3488392.0000000005 1488064.0000000002 6273224.0000000009 67028.000000000015 77888.000000000015 5857416.0000000009 3488392.0000000005 8924.5000000000018 10398.500000000002 8405.5000000000018 823208.00000000012 58275752.000000007 23718308.000000004 2614120.0000000005 1488064.0000000002 14350900.000000002 10558336.000000002 69038032.000000015 25121548.000000004
decision_type=2 2 2 2 2 2 2 2 2 2 2 2 2 2 2 2 2 2 2 2 2 2 2
left_child=1 2 3 -1 5 8 -6 -3 -5 10 12 -12 13 17 -15 19 -8 18 -9 20 -11 -18 -21
right_child=-2 7 -4 4 6 -7 16 9 -10 15 11 -13 -14 14 -16 -17 21 -19 -20 22 -22 -23 -24
leaf_value=0.047360148820748349 0.061330131800033591 -0.010062563534506526 0.15508989741744 -0.010061501359625011 -0.010066734203620071 0.072514232192432262 -0.010059757526922493 -0.010059757526922525 -0.010060318427662541 -0.010059757526922525 -0.010061331212591198 -0.010059757526922473 -0.010060290610860849 -0.010059757526922475 -0.010060025157905168 -0.010059757526922468 -0.010059757526922515 -0.010059757526922465 -0.010059757526922506 -0.010059757526922505 -0.010059757526922494 -0.010059757526922531 -0.010059757526922482
leaf_count=29 22 22 20 24 24 20 30 87 38 57 32 22 20 23 20 21 49 20 39 37 32 87 25
internal_value=0 -0.143169 1.0712 0.102264 -0.39271 1.0222 -1.00607 -1.006 -1.00608 -1.00599 -1.006 -1.00607 -1.00598 -1.00598 -1.00599 -1.00598 -1.00598 -1.00598 -1.00598 -1.00598 -1.00598 -1.00598 -1.00598
internal_count=800 778 321 301 272 82 190 457 62 435 263 54 209 189 43 172 166 146 126 151 89 136 62
shrinkage=0.01



feature importances:
smart_1_raw=27
smart_9_raw=6
smart_194_raw=2

pandas_categorical:[]
