tree
version=v2
num_class=1
num_tree_per_iteration=1
label_index=0
max_feature_idx=24
objective=binary sigmoid:1
feature_names=smart_1_raw smart_3_raw smart_4_raw smart_5_raw smart_7_raw smart_9_raw smart_10_raw smart_12_raw smart_183_raw smart_184_raw smart_187_raw smart_188_raw smart_189_raw smart_190_raw smart_191_raw smart_192_raw smart_193_raw smart_194_raw smart_195_raw smart_197_raw smart_198_raw smart_199_raw smart_240_raw smart_241_raw smart_242_raw
feature_infos=[0:244138841] none [1:831] [0:35064] [15928:80961522888448] [8:33059] none [1:702] [0:41614] none [0:18] [0:193276491168] [0:65535] [15:46] [0:853287] [0:68] [1:773347] [15:46] [0:244138841] [0:88] [0:88] [0:13761] [4062:281470681745123] [0:81934807176] [27113:32371520884775]
tree_sizes=2400

Tree=0
num_leaves=30
num_cat=0
split_feature=19 10 24 15 24 19 0 11 4 3 4 24 21 0 7 7 23 13 12 13 14 21 0 22 22 0 16 0 24
split_gain=3032.08 2288.61 12884.8 1497.87 2402.28 655.921 2689.7 909.644 2168.72 209.845 8325.12 72.6099 847.615 511.712 479.189 229.856 1403.46 1260.87 18.8734 878.881 12.6973 98.5938 870.175 18.5602 231.291 724.768 112.566 856.494 7.94217
threshold=52.000000000000007 1.0000000180025095e-35 111130526137.50002 12.000000000000002 23676487876.000004 1.0000000180025095e-35 228652914.50000003 2147549194.5000005 1388432966.5000002 852.00000000000011 352424373.50000006 432271531.50000006 4.5000000000000009 242191305.00000003 16.500000000000004 12.500000000000002 1525191440.0000002 32.500000000000007 65408.000000000007 20.500000000000004 544.50000000000011 1.0000000180025095e-35 215996630.50000003 43297565332383.008 42210938603733.008 73544616.000000015 3282.5000000000005 215034210.50000003 322514332291.00006
decision_type=2 2 2 2 2 2 2 2 2 2 2 2 2 2 2 2 2 2 2 2 2 2 2 2 2 2 2 2 2
left_child=1 3 -3 5 -5 9 7 -7 -9 11 -11 12 13 14 15 -1 -17 -18 20 -20 21 23 -23 24 26 -26 -13 -28 -22
right_child=-2 2 -4 4 -6 6 -8 8 -10 10 -12 18 -14 -15 -16 16 17 -19 19 -21 28 22 -24 -25 25 -27 27 -29 -30
leaf_value=-10.448676384283754 4.7323926060960311 27.503996091665712 -10.448676384283752 -10.448676384283754 9.0698408890426432 -10.448676384283754 5.4384888381941163 -10.44867638428375 5.8167546768242229 18.015827972678345 -10.448676384283754 -10.448676384283754 -1.6903673513799955 -5.1115818173562007 -5.4983278004667024 -10.448676384283752 -10.448676384283743 4.0863896703246336 -1.4598855347167756 -10.448676384283754 -10.444805403519808 -10.448676384283752 -0.68941774762055807 -10.436278502091326 -0.68941774762054209 -10.44867638428375 -10.448676384283752 -0.68941774762054919 -10.420880713260782
leaf_count=10090 45 36 202 56 35 656 43 84 42 36 1399 4689 39 64 69 480 36 47 38 1670 1323595 288 35 27551 35 101 251 35 49155
internal_value=0 0.00965076 573.074 -0.0863562 749.712 -0.134389 164.612 86.3591 541.181 -0.230124 70.4092 -0.301597 14.7771 11.6673 8.55716 5.4127 120.341 822.07 -0.41757 18.9985 -0.441161 3.14215 104.75 2.13732 12.3662 250.157 5.86578 118.431 -0.527262
internal_count=1420902 1420857 238 1420619 91 1420528 825 782 126 1419703 1435 1418268 10825 10786 10722 10653 563 83 1407443 1708 1405735 32985 323 32662 5111 136 4975 286 1372750
shrinkage=1



feature importances:
smart_1_raw=5
smart_242_raw=4
smart_7_raw=2
smart_12_raw=2
smart_190_raw=2
smart_197_raw=2
smart_199_raw=2
smart_240_raw=2
smart_5_raw=1
smart_187_raw=1
smart_188_raw=1
smart_189_raw=1
smart_191_raw=1
smart_192_raw=1
smart_193_raw=1
smart_241_raw=1

pandas_categorical:[]
