tree
version=v2
num_class=1
num_tree_per_iteration=1
label_index=0
max_feature_idx=16
objective=binary sigmoid:1
feature_names=smart_1_raw smart_2_raw smart_3_raw smart_4_raw smart_5_raw smart_7_raw smart_8_raw smart_9_raw smart_10_raw smart_12_raw smart_192_raw smart_193_raw smart_194_raw smart_196_raw smart_197_raw smart_198_raw smart_199_raw
feature_infos=[0:555295644] [0:713] [0:586] [1:426] [0:283] [0:65537] [0:46] [6:37340] [0:393222] [1:276] [1:62788] [1:62788] [16:50] [0:647] [0:80] none [0:75888]
tree_sizes=2371

Tree=0
num_leaves=30
num_cat=0
split_feature=14 7 13 7 8 10 0 4 0 7 14 14 10 3 10 10 2 10 7 12 2 10 10 12 6 12 12 10 10
split_gain=65733.3 23622.3 6409.42 17951.7 5216.21 31681.3 2130.82 5899.04 3191.85 845.136 659.852 597.019 3062.95 758.706 3023.57 488.691 458.58 3491.58 364.492 518.484 431.156 510.421 363.755 746.01 550.503 2297.99 599.334 343.154 958.556
threshold=20.000000000000004 3609.5000000000005 577.00000000000011 8313.5000000000018 131073.50000000003 59.500000000000007 7634990.5000000009 1.0000000180025095e-35 8519859.0000000019 2578.5000000000005 12.000000000000002 1.0000000180025095e-35 2.5000000000000004 3.5000000000000004 159.50000000000003 17.500000000000004 580.50000000000011 66.500000000000014 202.50000000000003 22.500000000000004 543.50000000000011 13.500000000000002 3.5000000000000004 25.500000000000004 39.500000000000007 32.500000000000007 26.500000000000004 6.5000000000000009 3.5000000000000004
decision_type=2 2 2 2 2 2 2 2 2 2 2 2 2 2 2 2 2 2 2 2 2 2 2 2 2 2 2 2 2
left_child=2 -2 4 -4 6 -6 11 8 -8 -7 -10 16 -13 14 15 -14 18 -18 19 27 22 -22 23 -21 25 26 -25 28 -1
right_child=1 -3 3 -5 5 9 7 -9 10 -11 -12 12 13 -15 -16 -17 17 -19 -20 20 21 -23 -24 24 -26 -27 -28 -29 -30
leaf_value=-11.196238608827159 68.951478960827245 11.886304051219993 37.542238291638355 -11.196238608827155 41.400701046258469 -1.8283235682269794 7.2993885226315189 13.677190981734642 -11.196238608827159 -11.196238608827157 -3.9100824661366103 5.5788650685423651 -4.2603784345349514 -11.041347164093022 7.7861155523887522 -10.405307185442473 8.56621229875884 -11.196238608827157 -11.1916773112832 -8.296421691734345 -1.3150131550438964 -11.19623860882715 -11.135333516740623 -4.3264342457186418 -11.07701059921941 3.3760736765539292 -11.196238608827157 -11.196238608827155 -1.5785125004732521
leaf_count=149 90 125 74 207 96 77 78 87 950 710 99 86 104 4657 76 912 73 553 7748923 995 73 78 23687 105 6050 99 718 165 150
internal_value=0 4696.03 -0.166646 1282.5 -0.212915 652.526 -0.286914 355.505 191.013 90.6556 67.7635 -0.342378 85.5348 61.7352 263.223 140.994 -0.406771 229.457 -0.425264 28.0597 23.9477 476.702 21.7879 71.4317 40.3843 233.706 86.6463 309.918 481.495
internal_count=7790246 215 7790031 281 7789750 883 7788867 1214 1127 787 1049 7787653 5835 5749 1092 1016 7781818 626 7781192 32269 31805 151 31654 7967 6972 922 823 464 299
shrinkage=1



feature importances:
smart_192_raw=9
smart_9_raw=4
smart_194_raw=4
smart_197_raw=3
smart_1_raw=2
smart_3_raw=2
smart_4_raw=1
smart_5_raw=1
smart_8_raw=1
smart_10_raw=1
smart_196_raw=1

pandas_categorical:[]
