tree
version=v2
num_class=1
num_tree_per_iteration=1
label_index=0
max_feature_idx=4
objective=binary sigmoid:1
feature_names=smart_1_raw smart_5_raw smart_9_raw smart_194_raw smart_197_raw
feature_infos=[0:43] none [7:30773] [17:42] [0:255]
tree_sizes=490

Tree=0
num_leaves=5
num_cat=0
split_feature=0 0 3 3
split_gain=831.833 2.22045e-16 3.46945e-18 3.46945e-18
threshold=38.500000000000007 34.500000000000007 25.500000000000004 29.500000000000004
decision_type=2 2 2 2
left_child=1 -1 -3 -4
right_child=-2 2 3 -5
leaf_value=-8.7512179538360453 -4.5795514133168691 -8.7512179538360453 -8.7512179538360453 -8.7512179538360453
leaf_count=9799 30 61 64 56
internal_value=0 -1.00016 -1.00016 -1.00016
internal_count=10010 9980 181 120
shrinkage=1



feature importances:
smart_1_raw=2
smart_194_raw=2

pandas_categorical:[]
