tree
version=v2
num_class=1
num_tree_per_iteration=1
label_index=0
max_feature_idx=21
objective=binary sigmoid:1
feature_names=smart_1_raw smart_3_raw smart_4_raw smart_5_raw smart_7_raw smart_9_raw smart_10_raw smart_12_raw smart_184_raw smart_187_raw smart_188_raw smart_189_raw smart_190_raw smart_191_raw smart_192_raw smart_193_raw smart_194_raw smart_195_raw smart_197_raw smart_198_raw smart_199_raw smart_254_raw
feature_infos=[9287:244123270] none [4:36] [0:1] [68507:398982445] [10:39250] none [4:36] none none [3:4295032847] none [19:44] [0:40] [0:4] [184:420839] [19:44] [9287:244123270] none none none none
tree_sizes=1590

Tree=0
num_leaves=19
num_cat=0
split_feature=0 0 0 0 0 4 4 15 0 0 4 4 4 0 0 0 4 4
split_gain=1.11022e-16 1.11022e-16 1.38778e-17 1.38778e-17 1.38778e-17 1.38778e-17 6.93889e-18 6.93889e-18 3.46945e-18 1.73472e-18 1.73472e-18 1.73472e-18 1.73472e-18 8.67362e-19 8.67362e-19 8.67362e-19 8.67362e-19 4.33681e-19
threshold=242134780.00000003 216938518.50000003 239139020.50000003 236095702.50000003 234170627.00000003 255745395.50000003 151732151.50000003 68664.500000000015 222795310.50000003 232213632.00000003 304849401.50000006 249176882.00000003 223520994.00000003 227428062.00000003 221869896.50000003 220033201.00000003 268408756.50000003 239072236.50000003
decision_type=2 2 2 2 2 2 2 2 2 2 2 2 2 2 2 2 2 2
left_child=1 -1 3 4 5 6 -3 13 14 -10 16 12 -8 -7 15 -9 -6 -14
right_child=-2 2 -4 -5 10 7 11 8 9 -11 -12 -13 17 -15 -16 -17 -18 -19
leaf_value=-10.256084210502889 -10.256084210502888 -10.256084210502889 -10.256084210502888 -10.256084210502888 -10.256084210502888 -10.256084210502886 -10.256084210502888 -10.256084210502886 -10.256084210502888 -10.256084210502882 -10.25608421050288 -10.256084210502884 -10.256084210502884 -10.256084210502884 -10.25608421050288 -10.256084210502882 -10.256084210502882 -10.256084210502884
leaf_count=20067 175 602 257 261 114 76 255 77 256 40 32 48 56 56 32 44 36 50
internal_value=0 -1.00004 -1.00004 -1.00004 -1.00004 -1.00004 -1.00004 -1.00004 -1.00004 -1.00004 -1.00004 -1.00004 -1.00004 -1.00004 -1.00004 -1.00004 -1.00004 -1.00004
internal_count=22534 22359 2292 2035 1774 1592 1011 581 449 296 182 409 361 132 153 121 150 106
shrinkage=1



feature importances:
smart_1_raw=10
smart_7_raw=7
smart_193_raw=1

pandas_categorical:[]
